0
0
0
0
0
0
0
0
0
0
0
0
0
0
0
0
0
0
0
0
0
0
0
0
0
0
0
0
0
0
0
0
0
0
0
0
0
0
0
0
0
0
0
0
0
0
0
0
0
0
0
0
0.05
0
0
0
0
0.25
0.07142857142857142
0.2
0
0
0
0.08333333333333333
0
0.03571428571428571
0.08333333333333333
0
0
0
0
0
0
0
0
0
0
0
0
0
0
0
1.0
0.07692307692307693
0
0
0
0
0
0
0
0
0
0.5
0.1
0
0.05555555555555555
0
0
0.3333333333333333
0.1
0
0
0
0
0.34615384615384615
0.3076923076923077
0
0.038461538461538464
0
0
0
0
0.16666666666666666
0
0.05
0
0.5
0
0.038461538461538464
0.1
0.5
0.02631578947368421
0
0.03571428571428571
0
0.038461538461538464
0.5
0.5
0
0
0.1
0.5
0.1
0.5
0
0
0
0
0
0
0.5
0
0.038461538461538464
0
0
0
0
0
0
0
0
0
0
0
0
0
0
0
0
0
0
0
0
0
0
0
0.16666666666666666
0.16666666666666666
0.16666666666666666
0.08333333333333333
0.16666666666666666
0
0
0
0
0
0
0.08333333333333333
0
0
0
0
0
0
0
0
0
0
0.05
0
0.06666666666666667
0
0.03571428571428571
0
0
0.16666666666666666
0
0.16666666666666666
0
0
0
0
0
0
0.5
0
0
0
0.05555555555555555
0
0
0
0.5
0.08333333333333333
0.10714285714285714
0
0.5
0
0.1
0.5
0
0
0
