0
0
0
0
0
0
0
0
0
0
0
0
0
0
0
0
0
0
0
0
0
0
0
0
0
0
0
0
0
0
0
0
0
0
0
0
0
0
0
0
0.15
0.5
0
0
0
0
0
0
0
0
0
0.3333333333333333
0
0.07692307692307693
0
0
0
0
0
0
0.08333333333333333
0
0.03333333333333333
0.08333333333333333
0.08333333333333333
0
0
0
0
0.1
0
0
0.5
0
0.08333333333333333
0
0
0
0.018518518518518517
0
0.03571428571428571
0
0.038461538461538464
0
0
0
0.03571428571428571
0
0
0
0.03571428571428571
0
0
0
0
0
0.5
0
0
0
0.1
0
0
0
0
0
0.5
0.16666666666666666
0
0.5
0.05357142857142857
0
0.05
0
0.2
0.5
0.07692307692307693
0.14285714285714285
0.5
0.08333333333333333
0
0
0
0
0
0
0
0
0.019230769230769232
0
0
0
0.5
0
0.5
1.0
0.5
0
0
0
0
0
0
0
0
0
0
0
0
0
0
0
0
0
0
0
0
0
0
0
0
0.16666666666666666
0.16666666666666666
0
0
0
0.03571428571428571
0
0
0.03571428571428571
0.5
0.5
0.16666666666666666
0.5
0
0
0
0
0
0
0.08333333333333333
0
0
0
0
0
0.16666666666666666
0
0
0
0
0
0
0
0
0
0
0
0
0
0.5
0
0.03571428571428571
0
0
0.08333333333333333
0
0
0
0
0
0
0
0
0
0
0
0
0
0
0
0
0
0
0
0.16666666666666666
0
0.1
0
0.25
0.5
0.125
0
0
0
0
0
0
0
0
0
0
0
0
0
0
0
0
0
0
0
0
0.038461538461538464
0.5
0.5
0
0
0
0
0
0
0
0
0.5
0
0
0
0
0
0
0
0
0
0
0
0
0
0
0
0
0
0
0
0
0.2
0.07692307692307693
0.03571428571428571
0.10714285714285714
0.5
0.038461538461538464
0
0.5
0.1
0
0.03571428571428571
0.1
0.5
0
0
0
0
0
0
0.10714285714285714
0
0
0.5
0
0.5
0.14285714285714285
0.3333333333333333
0
0.5
0
0.02
0
0
0
0
0
0.5
0
0
0
0
0
0.025
0
0
0
0.02
0.5
0
0
0
0
0
0
0
0
0.1
0
0
0
0
0
0
0
0
0
0
0.5
0.1
0
0
0
0
0
0.08333333333333333
0.3333333333333333
0
0
0
0
0
0
0
0
0
0.16666666666666666
0
0
0
0.5
0.03571428571428571
0
0.05
0
0
0
0
0
0
0
0
0
0
0
0
0
0
0.5
0
0
0
0
0
0
