0
0
0
0
0
0
0
0
0
0
0
0
0
0
0
0
0
0
0
0
0
0
0
0
0
0
0
0
0
0
0
0
0
0
0
0
0
0
0
0
0
0
0
0
0
0
0
0
0
0
0
0
0
0
0
0
0
0
0
0
0
0
0
0
0
0
0
0
0
0
0
0
0
0
0
0
0
0
0
0
0
0.16666666666666666
0.16666666666666666
0.03333333333333333
0
0
0
0
0
0
0
0
0
0
0
0
0
0
0
0
0
0
0
0
0
0
0
0
0
0
0
0
0
0
0
0
0
0
0
0
0
0
0
0
0
0
0
0
0
0
0
0
0
0
0
0
0
0
0
0
0
0
0
0.1
0
0
0
0
0
0
0
0.5
0
0
0
0
0
0
0
0
0
0
0
0.02631578947368421
0.16666666666666666
0
0
0
0
0.03571428571428571
0
0.03571428571428571
0.03571428571428571
0
0
0
0
0
0
0
0
0
0.03571428571428571
0
0
0
0
0
0
0.019230769230769232
0
0
0
0
0
0
0
0
0
0.5
0
0.05555555555555555
0
0.5
0
0
0
0
0
0
0
0
0
0
0
0
0
0
0
0
0
0
0
0
0
0
0
0
0
0
0
0
0
0
0.03571428571428571
0
0
0
0.08333333333333333
0
0
0
0
0
0
0
0
0
0
0
0
0
0
0
0
0.16666666666666666
0
0
0
0
0
0
0.07692307692307693
0.16666666666666666
0.5
0.10714285714285714
0.3333333333333333
0.25
0.2222222222222222
0.15384615384615385
0.2
0
0
0
0
0
0
0
0
0
0
0
0
0
0
0
0
0
0
0
0
0
0
0
0
0
0
0
0
0
0
0
0
0
0
0
0
0
0
0
0.1
0.5
0
0
0
0.1
0
0
0
0
0
0
0.5
0
0
0
0
0
0
0
0
0
0
0
0
0
0
0
0
0
0
0
0
0
0
0
0
0
0
0
0
0
