0.08333333333333333
0
0
0.16666666666666666
0
0
0.08333333333333333
0
0.08333333333333333
0.05555555555555555
0
0
0.16666666666666666
0
0
1.0
0.15384615384615385
0.4
0.16666666666666666
0
0
0
0
0
0
0
0
0
0
0.05555555555555555
0
0
0
0
0
0
0
0.5
0.019230769230769232
0
0
0
0
0
0
0.2
0.16666666666666666
0.2
0
0.05555555555555555
0
0
0
0
0
0
0
0
0
0.038461538461538464
0
0.1
0
0
0
0
0
0
0
0
0
0
0
0
0
0
0
0
0
0
0
0
0
0
0.05
0.5
0
0
0.05555555555555555
0.16666666666666666
0
0
0.08333333333333333
0.16666666666666666
0
0
0
0
0
0
0
0
0
0
0
0
0
0
0
0
0
0
0
0.08333333333333333
0
0.08333333333333333
0
0
0
0
0.06666666666666667
0.2
0.08333333333333333
0.2
0
0
0
0
0
0
0
0
0
0
0
0
0
0.03571428571428571
0.07894736842105263
0.5
0.07142857142857142
0
0.5
0.08333333333333333
0
0
0
0
0
0
0
0
0
0
0
0
0
0
0
0
0
0.16666666666666666
0.16666666666666666
0.16666666666666666
0
0
0
0
0
0
0
0
0
0
0
0
0.08333333333333333
0.05555555555555555
0
0.5
0
0.16666666666666666
0.5
0.07142857142857142
0
0.5
0.16666666666666666
0.5
0.07142857142857142
0.5
0
0.13333333333333333
0.5
0
0.16666666666666666
0.3333333333333333
0.07142857142857142
0
0
0.03571428571428571
0
0
0
0.16666666666666666
0
0
0.5
0.16666666666666666
0.5
0.5
0
0
0
0
0
0
0
0
0
0
0
0
0
0
0.16666666666666666
0.07142857142857142
0
0
0.08333333333333333
0.16666666666666666
0.16666666666666666
0.16666666666666666
0
0
0
0
0
0.5
0.5
0
0.16666666666666666
0
0
0.03571428571428571
0.08333333333333333
0
0
0.5
0
0.05555555555555555
0
0.16666666666666666
0.1
0
0.08333333333333333
0
0
0
0
0.5
0
0.1
0
0.1
0
0
0
0
0
0
0
0.16666666666666666
0
0.1
0
0
0
0
0
0
0.08333333333333333
0
0
0
0.16666666666666666
0
0
0
0
0
0
0
0
0
0
0
0
0.5
0.1
0.07142857142857142
0
0
0
0
0.08333333333333333
0
0
0
0
0
0
0
0
0
0.16666666666666666
0
0
0.08333333333333333
0
0
0
0
0
0
0
0
0
0.05555555555555555
0
0
0
0
0
0
0
0
0
0
0
0
0
0
0
0
0
0
0
0
0
0
0
0
0
0
0
0
0
0
0
0
0
