3700.0
3700.0
3700.0
3700.0
2800.0
2400.0
5200.0
5200.0
2800.0
2800.0
3700.0
3700.0
5200.0
2800.0
3400.0
3400.0
2800.0
2800.0
2800.0
5200.0
5200.0
2800.0
0.0
2800.0
2800.0
5200.0
2800.0
2800.0
5200.0
2800.0
2800.0
2800.0
7600.0
5800.0
2800.0
5600.0
2800.0
2800.0
2800.0
2800.0
5600.0
2800.0
2800.0
2800.0
3700.0
4600.0
2800.0
5600.0
5600.0
5200.0
2800.0
0.0
5600.0
2800.0
0.0
5600.0
5600.0
2800.0
3400.0
3400.0
3400.0
2800.0
4600.0
2800.0
3400.0
2800.0
5600.0
3700.0
5600.0
2800.0
2800.0
2800.0
3700.0
5200.0
5200.0
3700.0
2800.0
3700.0
2400.0
5200.0
3700.0
2800.0
2800.0
2800.0
600.0
2800.0
2800.0
0.0
2800.0
2800.0
2800.0
2400.0
2400.0
0.0
1800.0
3000.0
1200.0
3300.0
3300.0
2400.0
4800.0
4800.0
1800.0
1800.0
1500.0
1800.0
3300.0
0.0
3300.0
900.0
3300.0
3300.0
3300.0
900.0
5200.0
1500.0
2100.0
5200.0
900.0
900.0
1800.0
2400.0
2800.0
2800.0
6500.0
9300.0
2800.0
2400.0
2400.0
900.0
900.0
2700.0
900.0
4200.0
4200.0
900.0
900.0
3300.0
3300.0
900.0
3300.0
900.0
2700.0
1800.0
4600.0
900.0
4300.0
900.0
2400.0
2800.0
2800.0
3600.0
2400.0
2400.0
2400.0
2800.0
900.0
3700.0
2400.0
2400.0
2400.0
900.0
2400.0
1800.0
1800.0
900.0
900.0
4200.0
900.0
2400.0
4200.0
600.0
600.0
3400.0
4800.0
5600.0
2800.0
2800.0
2400.0
4800.0
2400.0
2400.0
2800.0
3700.0
3700.0
2400.0
2400.0
2400.0
2400.0
5200.0
5200.0
2400.0
900.0
900.0
3700.0
0.0
4200.0
3700.0
2400.0
600.0
1800.0
900.0
1200.0
1200.0
900.0
600.0
900.0
2800.0
2400.0
0.0
2400.0
600.0
900.0
2800.0
2800.0
900.0
900.0
3300.0
0.0
3300.0
900.0
1800.0
900.0
2400.0
5700.0
2700.0
900.0
2400.0
2400.0
5700.0
1800.0
5700.0
3000.0
900.0
600.0
2400.0
3300.0
2400.0
2400.0
2400.0
2400.0
2400.0
2400.0
2400.0
2400.0
900.0
2400.0
0.0
2400.0
2400.0
2400.0
2400.0
900.0
900.0
600.0
600.0
3000.0
600.0
0.0
4800.0
4800.0
3000.0
2400.0
3700.0
2800.0
2800.0
2800.0
3700.0
900.0
2800.0
900.0
900.0
1800.0
900.0
2400.0
900.0
1800.0
1800.0
1800.0
2400.0
2400.0
3300.0
900.0
900.0
900.0
900.0
900.0
900.0
900.0
900.0
3300.0
4200.0
900.0
2400.0
900.0
2400.0
4800.0
2400.0
900.0
2400.0
2400.0
2400.0
1800.0
900.0
900.0
3700.0
0.0
900.0
3300.0
0.0
2400.0
2400.0
900.0
2400.0
0.0
0.0
0.0
0.0
0.0
0.0
0.0
0.0
0.0
0.0
0.0
0.0
0.0
0.0
0.0
0.0
0.0
0.0
0.0
0.0
0.0
0.0
0.0
0.0
0.0
0.0
0.0
0.0
0.0
0.0
0.0
0.0
0.0
0.0
0.0
0.0
0.0
0.0
